0	62.807	53.2867	26.6622	60.4829	0	24.2293	37.2082	46.4305	0	35.8653	12.9306	1000.271033	3649.74	4451.32	9.22314	32.3929	47.5598	2798.98	64.9958	122.899	0.197826	91.9933	49.9709	2703.52	25.2576	49.6819	3330.81	22.8862	66.6283	0	272.782	102.48	92.2625	32.1497	14.8785	18.8517	5.99876	16.6687	4.05438	32.6297	21.7036	13.2975	0.895836	16.1374	5.39613	6.67536	3.26453	0.0107149	0.574717	0.186136	53.7631	43.9857
0.0005	63.0526	53.9797	24.6436	61.3019	22.21	40.0637	38.1003	46.5342	47.4457	41.1058	18.1135	500.271033	3649.74	4451.32	9.22314	32.3929	47.5598	2798.98	64.9958	122.899	0.197826	91.9933	49.9709	2703.52	25.2576	49.6819	3330.81	22.8862	66.6283	0	272.782	102.48	92.2625	32.1497	14.8785	18.8517	5.99876	16.6687	4.05438	32.6297	21.7036	13.2975	0.895836	16.1374	5.39613	6.67536	3.26453	0.0107149	0.574717	0.186136	53.7631	43.9857
0.001	62.807	53.2867	26.6622	60.4829	22.21	24.2293	37.2082	46.4305	47.4457	35.8653	12.9306	500.263316	3677.6	4474.22	9.21393	24.4977	47.6908	2798.93	65.8086	122.897	0.246239	92.0027	48.8078	2703.38	25.3489	48.9659	3331.03	23.0592	66.6447	5.05303	272.84	102.466	92.2621	32.1497	14.8785	18.8517	5.99876	16.6687	4.05438	32.6297	21.7036	13.2975	0.895836	16.1374	5.39613	6.67536	3.26453	0.0107149	0.574717	0.186136	53.7631	43.9857
0.0015	62.8067	53.2868	26.6622	60.4833	22.21	24.2272	37.2082	46.429	47.4457	35.9193	12.257	500.26732	3667.26	4460.23	9.34769	21.0966	47.5044	2799.39	65.4705	122.913	0.226339	92.1398	49.7106	2713.68	25.369	50.3758	3326.77	22.9986	66.6366	6.65306	285.091	102.394	92.2364	32.1497	14.8785	18.8517	5.99876	16.6687	4.05438	32.6297	21.7036	13.2975	0.895836	16.1374	5.39613	6.67536	3.26453	0.0107149	0.574717	0.186136	53.7631	43.9857
0.002	62.8043	53.2846	26.6644	60.4809	22.21	24.2103	37.2085	46.4268	47.4457	35.9042	12.4118	500.266777	3661.72	4489.18	9.1816	20.3089	46.7155	2805.1	64.8607	122.963	0.217803	92.3241	49.7918	2726.55	25.2997	48.8395	3319.65	22.693	66.6118	11.3349	298.893	102.298	92.1992	32.1497	14.8785	18.8517	5.99876	16.6687	4.05438	32.6297	21.7036	13.2975	0.895836	16.1374	5.39613	6.67536	3.26453	0.0107149	0.574717	0.186136	53.7631	43.9857
0.0025	62.8036	53.2838	26.6656	60.4702	22.21	24.1998	37.2055	46.4239	47.4457	36.0294	15.5687	500.267899	3643.32	4426.49	9.24698	20.2602	46.063	2812.95	65.1488	123.068	0.212353	92.5114	51.0974	2739.32	25.3996	50.9036	3313.5	22.7055	66.6494	11.9291	310.503	102.162	92.1606	32.1497	14.8785	18.8517	5.99876	16.6687	4.05438	32.6297	21.7036	13.2975	0.895836	16.1374	5.39613	6.67536	3.26453	0.0107149	0.574717	0.186136	53.7631	43.9857
0.003	62.8022	53.2799	26.6665	60.4704	22.21	24.1917	37.2026	46.4252	47.4457	36.4372	15.2308	500.269577	3670.13	4455.62	9.2102	20.9816	45.6529	2821.48	64.8551	123.171	0.208056	92.6932	49.3929	2750.58	25.5827	48.5679	3307.1	22.9045	66.6305	16.7369	318.93	102.055	92.1	32.1497	14.8785	18.8517	5.99876	16.6687	4.05438	32.6297	21.7036	13.2975	0.895836	16.1374	5.39613	6.67536	3.26453	0.0107149	0.574717	0.186136	53.7631	43.9857
0.0035	62.8021	53.2802	26.6672	60.4659	22.21	24.1872	37.2027	46.4293	47.4457	37.2807	14.0315	500.270016	3650.84	4516.95	9.24846	21.8682	44.8444	2829.52	65.1037	123.273	0.202956	92.8207	52.6529	2760.62	25.3553	49.785	3302.17	23.0962	66.6529	20.2059	324.801	101.935	92.0587	32.1497	14.8785	18.8517	5.99876	16.6687	4.05438	32.6297	21.7036	13.2975	0.895836	16.1374	5.39613	6.67536	3.26453	0.0107149	0.574717	0.186136	53.7631	43.9857
0.004	62.8023	53.281	26.6683	60.4734	22.21	24.2018	37.2003	46.4304	47.4457	38.1148	15.6874	500.270941	3641.84	4428.99	9.22359	22.6638	44.0543	2836.59	64.8719	123.394	0.202567	92.9544	49.5577	2768.24	25.2516	49.9608	3297.69	22.9663	66.6469	21.9049	329.331	101.807	91.9927	32.1497	14.8785	18.8517	5.99876	16.6687	4.05438	32.6297	21.7036	13.2975	0.895836	16.1374	5.39613	6.67536	3.26453	0.0107149	0.574717	0.186136	53.7631	43.9857
0.0045	62.8035	53.2784	26.6692	60.4765	22.21	24.2412	37.2005	46.4279	47.4457	38.9379	15.263	500.271005	3640.17	4449.15	9.20812	23.4949	43.827	2843.43	64.24	123.503	0.201943	93.0869	49.9917	2775.53	25.3933	48.4542	3294.12	22.7113	66.6594	25.9486	331.936	101.677	91.8865	32.1497	14.8785	18.8517	5.99876	16.6687	4.05438	32.6297	21.7036	13.2975	0.895836	16.1374	5.39613	6.67536	3.26453	0.0107149	0.574717	0.186136	53.7631	43.9857
0.005	62.8039	53.2792	26.6692	60.4767	22.21	24.3056	37.1979	46.4248	47.4457	39.9234	16.6018	500.26879	3664.5	4448.74	9.20918	24.1302	43.2686	2848.06	65.1406	123.62	0.200017	93.1566	51.5429	2780.11	25.4295	49.0774	3291.44	22.7527	66.6595	28.923	334.248	101.554	91.8382	32.1497	14.8785	18.8517	5.99876	16.6687	4.05438	32.6297	21.7036	13.2975	0.895836	16.1374	5.39613	6.67536	3.26453	0.0107149	0.574717	0.186136	53.7631	43.9857
0.0055	62.8033	53.2772	26.6688	60.4731	22.21	24.3949	37.1989	46.4264	47.4457	40.8178	16.3981	500.271813	3674.18	4430.2	9.19418	25.0556	42.8876	2852.48	65.6082	123.711	0.19698	93.2515	50.0019	2784.86	25.4714	49.5953	3288.8	23.1049	66.6533	31.96	334.821	101.378	91.7565	32.1497	14.8785	18.8517	5.99876	16.6687	4.05438	32.6297	21.7036	13.2975	0.895836	16.1374	5.39613	6.67536	3.26453	0.0107149	0.574717	0.186136	53.7631	43.9857
0.006	62.8022	53.2764	26.6694	60.4731	22.21	24.5075	37.1981	46.4297	47.4457	41.7788	14.6581	500.271929	3650.18	4471.8	9.16566	24.9619	42.6034	2855.56	65.5295	123.801	0.198512	93.324	50.8628	2788.14	25.1573	48.2265	3287.35	22.7428	66.699	35.5628	336.05	101.232	91.6411	32.1497	14.8785	18.8517	5.99876	16.6687	4.05438	32.6297	21.7036	13.2975	0.895836	16.1374	5.39613	6.67536	3.26453	0.0107149	0.574717	0.186136	53.7631	43.9857
0.0065	62.8022	53.2786	26.6697	60.4814	22.21	24.6415	37.197	46.4278	47.4457	42.5294	17.9306	500.272341	3676.15	4452.9	9.13658	25.6362	42.4825	2857.94	65.3926	123.881	0.203009	93.396	51.8219	2790.82	25.337	50.1421	3286.5	22.8776	66.6918	35.5805	336.501	101.062	91.5488	32.1497	14.8785	18.8517	5.99876	16.6687	4.05438	32.6297	21.7036	13.2975	0.895836	16.1374	5.39613	6.67536	3.26453	0.0107149	0.574717	0.186136	53.7631	43.9857
0.007	62.8031	53.2781	26.6699	60.4909	22.21	24.7865	37.1981	46.4275	47.4457	43.2763	19.7328	500.270183	3623.45	4394.82	9.3052	25.8579	42.425	2860.7	65.5375	123.981	0.199023	93.4432	50.2787	2792.5	25.2615	48.9668	3285.32	22.8737	66.7088	37.5836	337.033	100.875	91.4843	32.1497	14.8785	18.8517	5.99876	16.6687	4.05438	32.6297	21.7036	13.2975	0.895836	16.1374	5.39613	6.67536	3.26453	0.0107149	0.574717	0.186136	53.7631	43.9857
0.0075	62.8007	53.2759	26.669	60.4934	22.21	24.9463	37.1987	46.4289	47.4457	43.9463	19.7842	500.271536	3664.03	4471.78	9.22965	26.0973	42.4799	2861.88	66.4056	124.068	0.203488	93.471	49.8354	2794.43	25.3951	51.2782	3285.01	22.8393	66.7244	43.6383	337.313	100.704	91.3805	32.1497	14.8785	18.8517	5.99876	16.6687	4.05438	32.6297	21.7036	13.2975	0.895836	16.1374	5.39613	6.67536	3.26453	0.0107149	0.574717	0.186136	53.7631	43.9857
0.008	62.803	53.2798	26.6698	60.4904	22.21	25.1156	37.1999	46.4287	47.4457	44.785	19.55	500.268016	3631.5	4405.96	9.25299	26.413	42.5297	2862.65	65.2898	124.105	0.204812	93.5286	48.7971	2795.7	25.3519	52.1071	3284.64	22.9921	66.7248	44.8323	337.729	100.531	91.2564	32.1497	14.8785	18.8517	5.99876	16.6687	4.05438	32.6297	21.7036	13.2975	0.895836	16.1374	5.39613	6.67536	3.26453	0.0107149	0.574717	0.186136	53.7631	43.9857
0.0085	62.8025	53.2783	26.6697	60.4909	22.21	25.2909	37.2007	46.4296	47.4457	45.5142	20.1409	500.272195	3642.2	4446.69	9.17852	26.1527	42.3962	2864.16	66.5847	124.172	0.20789	93.5446	51.6719	2796.43	25.2089	49.4374	3283.91	22.9112	66.7334	47.149	338.095	100.333	91.1387	32.1497	14.8785	18.8517	5.99876	16.6687	4.05438	32.6297	21.7036	13.2975	0.895836	16.1374	5.39613	6.67536	3.26453	0.0107149	0.574717	0.186136	53.7631	43.9857
0.009	62.8036	53.2805	26.6708	60.4893	22.21	25.4747	37.2005	46.4285	47.4457	45.8512	23.1727	500.271376	3636.03	4479.03	9.19504	26.6531	42.3649	2864.66	65.5363	124.249	0.204366	93.5718	50.6707	2796.99	25.4436	49.706	3284.27	22.8609	66.7355	52.4932	337.558	100.126	91.0051	32.1497	14.8785	18.8517	5.99876	16.6687	4.05438	32.6297	21.7036	13.2975	0.895836	16.1374	5.39613	6.67536	3.26453	0.0107149	0.574717	0.186136	53.7631	43.9857
0.0095	62.8044	53.2807	26.6707	60.4955	22.21	25.66	37.2	46.4276	47.4457	46.4316	19.6809	500.271414	3655.62	4453.18	9.30127	26.5405	42.8699	2865.38	65.4921	124.288	0.207495	93.6027	51.2075	2798.19	25.4961	50.3032	3283.62	23.0421	66.7536	53.5157	338.1	99.9188	90.8845	32.1497	14.8785	18.8517	5.99876	16.6687	4.05438	32.6297	21.7036	13.2975	0.895836	16.1374	5.39613	6.67536	3.26453	0.0107149	0.574717	0.186136	53.7631	43.9857
0.01	62.8046	53.2779	26.6704	60.4958	22.21	25.8497	37.1961	46.4284	47.4457	47.0866	23.959	500.270898	3657.21	4461.22	9.18143	26.6301	41.8688	2865.88	66.6513	124.342	0.210462	93.614	50.3995	2798.71	25.3322	49.0721	3284.3	22.8456	66.762	57.1882	338.239	99.7151	90.726	32.1497	14.8785	18.8517	5.99876	16.6687	4.05438	32.6297	21.7036	13.2975	0.895836	16.1374	5.39613	6.67536	3.26453	0.0107149	0.574717	0.186136	53.7631	43.9857
0.0105	62.8043	53.2773	26.6703	60.4886	22.21	26.0436	37.1957	46.4266	47.4457	47.4415	20.7449	500.271366	3681.7	4440.17	9.17942	26.4258	42.5072	2866	65.8145	124.408	0.212765	93.6516	48.5665	2799.16	25.3798	48.8092	3283.6	22.8646	66.7822	57.7789	338.333	99.4889	90.6027	32.1497	14.8785	18.8517	5.99876	16.6687	4.05438	32.6297	21.7036	13.2975	0.895836	16.1374	5.39613	6.67536	3.26453	0.0107149	0.574717	0.186136	53.7631	43.9857
0.011	62.8042	53.2766	26.6705	60.4942	22.21	26.2368	37.1942	46.4257	47.4457	47.9193	20.6655	500.2707	3665.66	4447.13	9.17427	27.0227	42.0943	2866.31	65.6339	124.424	0.212552	93.6662	49.732	2798.63	25.3442	48.7639	3284.42	22.8813	66.7977	60.4266	338.078	99.283	90.4122	32.1497	14.8785	18.8517	5.99876	16.6687	4.05438	32.6297	21.7036	13.2975	0.895836	16.1374	5.39613	6.67536	3.26453	0.0107149	0.574717	0.186136	53.7631	43.9857
0.0115	62.8019	53.2756	26.6701	60.4946	22.21	26.4335	37.1948	46.4266	47.4457	48.4993	24.5519	500.272125	3630.33	4472.12	9.20587	26.4043	42.2871	2866.45	65.8632	124.46	0.215952	93.6878	51.1219	2799.34	25.392	47.139	3284.03	22.8455	66.7991	62.1666	338.009	99.0574	90.2748	32.1497	14.8785	18.8517	5.99876	16.6687	4.05438	32.6297	21.7036	13.2975	0.895836	16.1374	5.39613	6.67536	3.26453	0.0107149	0.574717	0.186136	53.7631	43.9857
0.012	62.8016	53.2758	26.6705	60.5011	22.21	26.6319	37.1946	46.4267	47.4457	48.6745	21.9526	500.270407	3618.54	4427.13	9.2486	26.5452	42.0558	2865.9	65.6077	124.498	0.21416	93.691	51.6658	2798.69	25.341	50.5901	3283.83	22.8168	66.8189	64.0051	337.802	98.8698	90.119	32.1497	14.8785	18.8517	5.99876	16.6687	4.05438	32.6297	21.7036	13.2975	0.895836	16.1374	5.39613	6.67536	3.26453	0.0107149	0.574717	0.186136	53.7631	43.9857
0.0125	62.8028	53.2744	26.6703	60.5038	22.21	26.8296	37.1914	46.427	47.4457	49.0166	21.4798	500.272863	3631.87	4465.14	9.23739	26.5099	42.1982	2866.53	66.0743	124.534	0.21656	93.7099	51.4959	2799.01	25.5961	50.7262	3284.65	22.9062	66.8466	66.8944	338.172	98.6613	89.9313	32.1497	14.8785	18.8517	5.99876	16.6687	4.05438	32.6297	21.7036	13.2975	0.895836	16.1374	5.39613	6.67536	3.26453	0.0107149	0.574717	0.186136	53.7631	43.9857
0.013	62.8045	53.2755	26.6706	60.5023	22.21	27.0296	37.1907	46.428	47.4457	49.3725	22.247	500.269945	3657.55	4419.03	9.19198	26.552	41.8753	2866.74	64.8212	124.551	0.220975	93.7429	49.4478	2799.03	25.3372	49.6092	3284.27	22.8748	66.854	70.0079	338.176	98.4462	89.7696	32.1497	14.8785	18.8517	5.99876	16.6687	4.05438	32.6297	21.7036	13.2975	0.895836	16.1374	5.39613	6.67536	3.26453	0.0107149	0.574717	0.186136	53.7631	43.9857
0.0135	62.8057	53.2746	26.6702	60.5029	22.21	27.2297	37.1887	46.4277	47.4457	49.7055	21.5237	500.271854	3677.41	4472.76	9.14229	26.8168	42.2857	2866.4	65.0086	124.539	0.221339	93.7281	49.5601	2799.7	25.4586	49.2543	3284.41	22.6507	66.8596	72.4652	337.908	98.2408	89.6213	32.1497	14.8785	18.8517	5.99876	16.6687	4.05438	32.6297	21.7036	13.2975	0.895836	16.1374	5.39613	6.67536	3.26453	0.0107149	0.574717	0.186136	53.7631	43.9857
0.014	62.8059	53.2766	26.6709	60.5085	22.21	27.4263	37.1898	46.4279	47.4457	49.8944	23.1713	500.273132	3658.95	4446.15	9.30363	26.4395	41.9409	2865.52	66.1478	124.588	0.22212	93.758	50.5745	2799.56	25.5039	49.1298	3284.3	22.7314	66.9042	76.2067	338.206	98.0205	89.4492	32.1497	14.8785	18.8517	5.99876	16.6687	4.05438	32.6297	21.7036	13.2975	0.895836	16.1374	5.39613	6.67536	3.26453	0.0107149	0.574717	0.186136	53.7631	43.9857
0.0145	62.8045	53.2748	26.6707	60.5161	22.21	27.6254	37.1894	46.4312	47.4457	49.8539	19.1148	500.268868	3636.33	4400.08	9.2015	26.6456	41.8101	2865.61	65.852	124.59	0.223876	93.7448	49.4359	2798.77	25.3557	48.657	3284.73	22.9767	66.9054	76.2192	338.346	97.8254	89.3223	32.1497	14.8785	18.8517	5.99876	16.6687	4.05438	32.6297	21.7036	13.2975	0.895836	16.1374	5.39613	6.67536	3.26453	0.0107149	0.574717	0.186136	53.7631	43.9857
0.015	62.8043	53.2748	26.6702	60.5094	22.21	27.8271	37.1882	46.4351	47.4457	50.298	19.8483	500.268491	3647.34	4427.28	9.19647	26.4514	42.485	2866.21	65.5858	124.6	0.224131	93.7651	50.7923	2799.3	25.6705	48.7104	3284.33	22.8965	66.933	78.3605	338.347	97.6361	89.1487	32.1497	14.8785	18.8517	5.99876	16.6687	4.05438	32.6297	21.7036	13.2975	0.895836	16.1374	5.39613	6.67536	3.26453	0.0107149	0.574717	0.186136	53.7631	43.9857
0.0155	62.8065	53.2792	26.6716	60.5189	22.21	28.0267	37.1882	46.4352	47.4457	50.3736	23.4644	500.273575	3652.47	4443.56	9.30876	26.5629	41.9755	2865.02	65.9154	124.584	0.225001	93.7549	51.4948	2798.74	25.1931	50.1177	3285.05	22.9724	66.9539	84.9844	338.466	97.4392	89.004	32.1497	14.8785	18.8517	5.99876	16.6687	4.05438	32.6297	21.7036	13.2975	0.895836	16.1374	5.39613	6.67536	3.26453	0.0107149	0.574717	0.186136	53.7631	43.9857
0.016	62.8076	53.2812	26.6729	60.5261	22.21	28.2217	37.183	46.4341	47.4457	50.5053	22.62	500.270042	3651.9	4418.73	9.24473	26.6781	42.3237	2865.92	66.7585	124.6	0.228934	93.7551	52.0975	2798.56	25.3195	50.1597	3284.57	22.8745	66.9467	84.0158	338.502	97.2456	88.865	32.1497	14.8785	18.8517	5.99876	16.6687	4.05438	32.6297	21.7036	13.2975	0.895836	16.1374	5.39613	6.67536	3.26453	0.0107149	0.574717	0.186136	53.7631	43.9857
0.0165	62.8071	53.2805	26.6719	60.5162	22.21	28.4179	37.1833	46.4327	47.4457	50.4331	21.7464	500.270755	3622.38	4431.45	9.22027	26.1845	42.1497	2864.94	66.6344	124.59	0.229367	93.7559	50.3578	2798.6	25.4065	49.0702	3284.56	23.0161	66.9674	84.0258	338.894	97.0647	88.7153	32.1497	14.8785	18.8517	5.99876	16.6687	4.05438	32.6297	21.7036	13.2975	0.895836	16.1374	5.39613	6.67536	3.26453	0.0107149	0.574717	0.186136	53.7631	43.9857
0.017	62.8071	53.2818	26.6723	60.515	22.21	28.6144	37.1828	46.4319	47.4457	50.6153	22.8232	500.270511	3634.34	4416.32	9.18598	26.4596	42.6362	2864.55	65.4141	124.594	0.228604	93.7618	50.7362	2799.23	25.3398	48.5362	3284.44	23	66.9838	87.2066	338.221	96.8744	88.5687	32.1497	14.8785	18.8517	5.99876	16.6687	4.05438	32.6297	21.7036	13.2975	0.895836	16.1374	5.39613	6.67536	3.26453	0.0107149	0.574717	0.186136	53.7631	43.9857
0.0175	62.8081	53.2818	26.6723	60.5138	22.21	28.8082	37.1831	46.4306	47.4457	50.5846	25.5525	500.270664	3644.89	4483.06	9.2035	26.1722	42.1736	2864.52	66.07	124.578	0.233541	93.747	50.8962	2798.9	25.0904	50.1978	3284.95	22.9415	67.0108	88.7963	338.504	96.7284	88.4331	32.1497	14.8785	18.8517	5.99876	16.6687	4.05438	32.6297	21.7036	13.2975	0.895836	16.1374	5.39613	6.67536	3.26453	0.0107149	0.574717	0.186136	53.7631	43.9857
0.018	62.809	53.2835	26.6726	60.5184	22.21	29.0041	37.1835	46.4281	47.4457	50.6709	25.2065	500.270107	3668.81	4443.23	9.26932	26.5818	42.345	2864.75	66.426	124.588	0.236109	93.7504	50.2044	2798.12	25.1556	51.1484	3284.3	22.9499	67.0254	92.6043	338.304	96.5374	88.2772	32.1497	14.8785	18.8517	5.99876	16.6687	4.05438	32.6297	21.7036	13.2975	0.895836	16.1374	5.39613	6.67536	3.26453	0.0107149	0.574717	0.186136	53.7631	43.9857
0.0185	62.8086	53.2802	26.6725	60.5173	22.21	29.1959	37.1851	46.4264	47.4457	50.5995	21.2599	500.269477	3643.5	4437.46	9.24022	26.6384	42.3611	2864.81	65.4078	124.564	0.236249	93.7401	50.2309	2797.86	25.2451	48.4344	3284.09	22.842	67.0615	93.1859	338.023	96.3882	88.1108	32.1497	14.8785	18.8517	5.99876	16.6687	4.05438	32.6297	21.7036	13.2975	0.895836	16.1374	5.39613	6.67536	3.26453	0.0107149	0.574717	0.186136	53.7631	43.9857
0.019	62.8072	53.2795	26.6725	60.5107	22.21	29.3866	37.1868	46.4249	47.4457	50.7337	23.3948	500.272954	3672	4440.2	9.2578	26.2819	42.3153	2863.83	65.2925	124.544	0.235927	93.7388	51.2484	2797.56	25.3444	51.5551	3284.31	22.8891	67.0451	93.6677	338.201	96.2461	87.9146	32.1497	14.8785	18.8517	5.99876	16.6687	4.05438	32.6297	21.7036	13.2975	0.895836	16.1374	5.39613	6.67536	3.26453	0.0107149	0.574717	0.186136	53.7631	43.9857
0.0195	62.8074	53.2795	26.673	60.5086	22.21	29.5775	37.1875	46.425	47.4457	50.5907	24.5184	500.269664	3672.05	4425.04	9.22381	26.3435	42.6588	2863.92	64.9587	124.523	0.240019	93.7388	49.733	2797.38	25.4016	49.9633	3283.81	23.0697	67.0793	98.2721	338.623	96.0922	87.7503	32.1497	14.8785	18.8517	5.99876	16.6687	4.05438	32.6297	21.7036	13.2975	0.895836	16.1374	5.39613	6.67536	3.26453	0.0107149	0.574717	0.186136	53.7631	43.9857
0.02	62.8061	53.2792	26.6723	60.5045	22.21	29.7703	37.1872	46.4257	47.4457	50.4855	21.2723	500.270275	3655.04	4463.48	9.22553	26.2461	41.9952	2863.4	66.1367	124.484	0.240147	93.7371	51.8641	2797.5	25.2649	49.5648	3283.18	22.8972	67.1092	97.9429	338.612	95.945	87.6153	32.1497	14.8785	18.8517	5.99876	16.6687	4.05438	32.6297	21.7036	13.2975	0.895836	16.1374	5.39613	6.67536	3.26453	0.0107149	0.574717	0.186136	53.7631	43.9857
0.0205	62.8054	53.2806	26.673	60.5065	22.21	29.962	37.1859	46.4231	47.4457	50.369	20.9197	500.271595	3644.99	4427.98	9.26014	26.7017	42.2258	2863.32	65.1584	124.475	0.241034	93.7102	50.0238	2797.03	25.3705	49.2184	3283.93	22.9715	67.1167	100.82	338.532	95.8301	87.4442	32.1497	14.8785	18.8517	5.99876	16.6687	4.05438	32.6297	21.7036	13.2975	0.895836	16.1374	5.39613	6.67536	3.26453	0.0107149	0.574717	0.186136	53.7631	43.9857
0.021	62.8053	53.2795	26.6733	60.5069	22.21	30.1493	37.1857	46.4219	47.4457	50.1079	19.8587	500.272786	3633.61	4442.99	9.21026	26.0132	42.1447	2862.73	65.707	124.423	0.246034	93.6888	48.2978	2797.14	25.4302	48.2361	3283.92	22.8517	67.1661	100.614	338.087	95.7116	87.2958	32.1497	14.8785	18.8517	5.99876	16.6687	4.05438	32.6297	21.7036	13.2975	0.895836	16.1374	5.39613	6.67536	3.26453	0.0107149	0.574717	0.186136	53.7631	43.9857
0.0215	62.8046	53.279	26.6727	60.4992	22.21	30.3386	37.184	46.4208	47.4457	50.0865	23.5435	500.271144	3661.26	4411.86	9.21835	26.1747	42.3735	2862.49	66.0676	124.391	0.246091	93.6936	49.9744	2797.06	25.3691	49.8831	3282.83	22.8401	67.1785	103.632	338.623	95.5782	87.1557	32.1497	14.8785	18.8517	5.99876	16.6687	4.05438	32.6297	21.7036	13.2975	0.895836	16.1374	5.39613	6.67536	3.26453	0.0107149	0.574717	0.186136	53.7631	43.9857
0.022	62.8055	53.279	26.6723	60.5012	22.21	30.5243	37.1835	46.4205	47.4457	49.7233	20.3423	500.271111	3663.94	4489.97	9.16188	26.1709	42.5266	2862.37	65.8766	124.36	0.247816	93.6597	51.0456	2796.6	25.3869	49.8776	3283.3	22.888	67.1771	107.501	338.626	95.4588	87.026	32.1497	14.8785	18.8517	5.99876	16.6687	4.05438	32.6297	21.7036	13.2975	0.895836	16.1374	5.39613	6.67536	3.26453	0.0107149	0.574717	0.186136	53.7631	43.9857
0.0225	62.8046	53.2801	26.6722	60.5	22.21	30.7111	37.1827	46.4213	47.4457	49.515	22.1367	500.271674	3626.33	4501.66	9.17904	26.2766	42.7859	2862.16	66.3722	124.337	0.248794	93.6717	47.706	2796.61	25.5222	49.891	3282.59	22.8842	67.2121	108.647	338.422	95.3645	86.8934	32.1497	14.8785	18.8517	5.99876	16.6687	4.05438	32.6297	21.7036	13.2975	0.895836	16.1374	5.39613	6.67536	3.26453	0.0107149	0.574717	0.186136	53.7631	43.9857
0.023	62.8043	53.2778	26.6723	60.5075	22.21	30.896	37.1796	46.4213	47.4457	49.3139	23.1769	500.269365	3680.72	4457.25	9.19274	26.1569	42.326	2861.15	65.6439	124.285	0.248674	93.6585	51.8537	2795.8	25.0883	50.0478	3282.69	22.8269	67.2357	108.614	339.078	95.269	86.7657	32.1497	14.8785	18.8517	5.99876	16.6687	4.05438	32.6297	21.7036	13.2975	0.895836	16.1374	5.39613	6.67536	3.26453	0.0107149	0.574717	0.186136	53.7631	43.9857
0.0235	62.8059	53.2751	26.6724	60.5134	22.21	31.0798	37.1765	46.4214	47.4457	49.1691	22.6343	500.27086	3630.1	4431.94	9.13642	26.1682	42.5693	2861.04	65.8829	124.257	0.253388	93.6288	49.5896	2795.16	25.4859	49.4256	3282.64	22.7662	67.2373	107.744	338.302	95.1784	86.6583	32.1497	14.8785	18.8517	5.99876	16.6687	4.05438	32.6297	21.7036	13.2975	0.895836	16.1374	5.39613	6.67536	3.26453	0.0107149	0.574717	0.186136	53.7631	43.9857
0.024	62.8044	53.2744	26.673	60.5167	22.21	31.2636	37.1802	46.4222	47.4457	48.8045	24.1917	500.268375	3659.13	4488.98	9.17832	26.4569	42.2509	2860.37	65.1321	124.211	0.253916	93.6057	48.7181	2795.63	25.2669	50.5553	3282.31	23.0919	67.2682	112.648	338.742	95.1284	86.486	32.1497	14.8785	18.8517	5.99876	16.6687	4.05438	32.6297	21.7036	13.2975	0.895836	16.1374	5.39613	6.67536	3.26453	0.0107149	0.574717	0.186136	53.7631	43.9857
0.0245	62.8056	53.2752	26.6732	60.5255	22.21	31.446	37.1752	46.4242	47.4457	48.622	21.7607	500.271475	3659.05	4448.63	9.29682	26.2603	42.3533	2860.03	65.5356	124.183	0.25774	93.5918	48.2465	2794.69	25.1977	47.9206	3282.2	22.866	67.2966	113.786	338.687	95.0388	86.3693	32.1497	14.8785	18.8517	5.99876	16.6687	4.05438	32.6297	21.7036	13.2975	0.895836	16.1374	5.39613	6.67536	3.26453	0.0107149	0.574717	0.186136	53.7631	43.9857
0.025	62.8056	53.2731	26.6742	60.5318	22.21	31.626	37.1789	46.4228	47.4457	48.2986	22.4534	500.270464	3650.84	4493.07	9.25572	26.6064	42.2219	2860.49	65.0894	124.134	0.255678	93.5942	48.8851	2794.93	25.1906	49.4586	3281.56	22.7555	67.323	114.787	338.367	94.9607	86.2296	32.1497	14.8785	18.8517	5.99876	16.6687	4.05438	32.6297	21.7036	13.2975	0.895836	16.1374	5.39613	6.67536	3.26453	0.0107149	0.574717	0.186136	53.7631	43.9857
0.0255	62.806	53.2739	26.6745	60.5288	22.21	31.8021	37.1771	46.4212	47.4457	48.1084	20.0089	500.270593	3632.08	4473.41	9.17869	26.4135	42.3996	2860.08	65.391	124.074	0.258443	93.5697	48.5476	2794.24	25.3761	49.0594	3281.17	22.9031	67.3448	116.926	338.451	94.8978	86.0852	32.1497	14.8785	18.8517	5.99876	16.6687	4.05438	32.6297	21.7036	13.2975	0.895836	16.1374	5.39613	6.67536	3.26453	0.0107149	0.574717	0.186136	53.7631	43.9857
0.026	62.8049	53.2695	26.6742	60.521	22.21	31.979	37.1767	46.4233	47.4457	47.7604	21.3273	500.271052	3658.04	4448.81	9.27442	26.1913	42.4223	2859.36	65.8892	124.051	0.261792	93.5294	48.8508	2793.83	25.4056	51.0663	3281.13	22.9874	67.3514	118.551	338.751	94.8348	85.9377	32.1497	14.8785	18.8517	5.99876	16.6687	4.05438	32.6297	21.7036	13.2975	0.895836	16.1374	5.39613	6.67536	3.26453	0.0107149	0.574717	0.186136	53.7631	43.9857
0.0265	62.8061	53.2682	26.6745	60.5268	22.21	32.1552	37.1746	46.4237	47.4457	47.3205	19.8147	500.270377	3688.61	4477.25	9.16189	25.9398	42.3929	2859.2	65.1347	123.997	0.26099	93.5143	49.6143	2793.53	25.5208	48.7758	3281.3	22.9695	67.3593	120.254	338.719	94.8095	85.8113	32.1497	14.8785	18.8517	5.99876	16.6687	4.05438	32.6297	21.7036	13.2975	0.895836	16.1374	5.39613	6.67536	3.26453	0.0107149	0.574717	0.186136	53.7631	43.9857
0.027	62.8065	53.269	26.675	60.5262	22.21	32.3309	37.1714	46.4223	47.4457	47.1719	20.6343	500.26945	3615.38	4450.87	9.19587	25.8499	42.0374	2858.8	66.5297	123.963	0.263543	93.4797	49.3613	2793.76	25.2378	48.9371	3281.16	22.9189	67.417	123.149	338.745	94.7707	85.7018	32.1497	14.8785	18.8517	5.99876	16.6687	4.05438	32.6297	21.7036	13.2975	0.895836	16.1374	5.39613	6.67536	3.26453	0.0107149	0.574717	0.186136	53.7631	43.9857
0.0275	62.8046	53.267	26.6752	60.5322	22.21	32.5052	37.1656	46.4202	47.4457	46.7724	22.1876	500.270898	3666.58	4480.71	9.14056	26.2026	42.4895	2858.23	65.0777	123.897	0.26795	93.4805	49.8177	2793.27	25.5359	49.2532	3280.24	22.9575	67.43	123.696	338.864	94.732	85.578	32.1497	14.8785	18.8517	5.99876	16.6687	4.05438	32.6297	21.7036	13.2975	0.895836	16.1374	5.39613	6.67536	3.26453	0.0107149	0.574717	0.186136	53.7631	43.9857
0.028	62.806	53.2659	26.6756	60.5326	22.21	32.6769	37.1639	46.4195	47.4457	46.5371	19.648	500.271286	3642.06	4445.71	9.19575	26.2697	42.6152	2858.01	65.634	123.873	0.264553	93.4462	49.4129	2792.9	25.2945	49.8795	3279.79	22.742	67.4459	123.476	338.448	94.6941	85.4783	32.1497	14.8785	18.8517	5.99876	16.6687	4.05438	32.6297	21.7036	13.2975	0.895836	16.1374	5.39613	6.67536	3.26453	0.0107149	0.574717	0.186136	53.7631	43.9857
0.0285	62.8048	53.2633	26.6755	60.5387	22.21	32.8475	37.1599	46.4181	47.4457	46.0362	24.1393	500.272527	3642.39	4443.85	9.22098	26.0136	42.4784	2857.44	65.6555	123.823	0.268687	93.3956	48.7791	2793.02	25.3576	47.9252	3280.21	22.9017	67.4693	125.167	339.112	94.6743	85.3671	32.1497	14.8785	18.8517	5.99876	16.6687	4.05438	32.6297	21.7036	13.2975	0.895836	16.1374	5.39613	6.67536	3.26453	0.0107149	0.574717	0.186136	53.7631	43.9857
0.029	62.8051	53.263	26.6754	60.541	22.21	33.0179	37.1582	46.4191	47.4457	45.8782	19.3679	500.270475	3645.74	4451.02	9.21135	25.9868	42.1859	2857.76	65.4505	123.776	0.270538	93.3821	50.2517	2791.9	25.2176	49.9521	3278.52	23.0247	67.4968	127.366	338.809	94.6783	85.2717	32.1497	14.8785	18.8517	5.99876	16.6687	4.05438	32.6297	21.7036	13.2975	0.895836	16.1374	5.39613	6.67536	3.26453	0.0107149	0.574717	0.186136	53.7631	43.9857
0.0295	62.8052	53.2625	26.6749	60.5399	22.21	33.1873	37.1584	46.4201	47.4457	45.5057	20.9622	500.269931	3642.98	4420.17	9.12175	26.2334	42.4117	2856.89	65.929	123.747	0.269989	93.3688	49.3695	2791.53	25.3313	50.4754	3278.99	22.9823	67.5021	127.468	338.935	94.6483	85.1205	32.1497	14.8785	18.8517	5.99876	16.6687	4.05438	32.6297	21.7036	13.2975	0.895836	16.1374	5.39613	6.67536	3.26453	0.0107149	0.574717	0.186136	53.7631	43.9857
0.03	62.8064	53.2633	26.6756	60.5458	22.21	33.3545	37.1581	46.4183	47.4457	45.1585	20.9936	500.270836	3664.62	4424.15	9.29229	25.9869	41.9827	2856.49	64.8524	123.69	0.272364	93.323	50.3739	2791.8	25.1803	48.4634	3278.92	23.2143	67.5308	126.839	339.025	94.6428	85.053	32.1497	14.8785	18.8517	5.99876	16.6687	4.05438	32.6297	21.7036	13.2975	0.895836	16.1374	5.39613	6.67536	3.26453	0.0107149	0.574717	0.186136	53.7631	43.9857
0.0305	62.8068	53.2645	26.676	60.5554	22.21	33.5194	37.1545	46.4154	47.4457	44.9529	20.2991	500.270082	3645.82	4446.83	9.22359	26.1728	41.9736	2856.41	66.0838	123.633	0.272281	93.2818	48.7101	2791.22	25.4585	50.8374	3278.05	22.7176	67.5357	127.94	339.257	94.6573	84.9279	32.1497	14.8785	18.8517	5.99876	16.6687	4.05438	32.6297	21.7036	13.2975	0.895836	16.1374	5.39613	6.67536	3.26453	0.0107149	0.574717	0.186136	53.7631	43.9857
0.031	62.8054	53.2645	26.6757	60.5456	22.21	33.6852	37.1551	46.4107	47.4457	44.5203	21.6652	500.269297	3651.4	4482	9.20124	26.3065	42.2414	2856.03	66.3378	123.604	0.273202	93.2769	48.5257	2790.4	25.6347	49.972	3277.85	22.899	67.5716	132.603	339.147	94.6561	84.8269	32.1497	14.8785	18.8517	5.99876	16.6687	4.05438	32.6297	21.7036	13.2975	0.895836	16.1374	5.39613	6.67536	3.26453	0.0107149	0.574717	0.186136	53.7631	43.9857
0.0315	62.8052	53.2636	26.6759	60.544	22.21	33.8468	37.1486	46.4101	47.4457	44.0888	18.0649	500.270654	3632.81	4456.4	9.1703	26.3941	42.1611	2855.31	65.4306	123.527	0.274696	93.2394	49.172	2790.38	25.5177	49.1947	3277.14	22.8022	67.6001	131.108	339.253	94.6672	84.722	32.1497	14.8785	18.8517	5.99876	16.6687	4.05438	32.6297	21.7036	13.2975	0.895836	16.1374	5.39613	6.67536	3.26453	0.0107149	0.574717	0.186136	53.7631	43.9857
0.032	62.8034	53.2589	26.6757	60.5379	22.21	34.0112	37.1465	46.4112	47.4457	43.8839	22.0049	500.270272	3671.2	4416.75	9.21193	26.0325	42.41	2855.26	65.5299	123.503	0.278359	93.1949	48.7032	2790.39	25.3135	49.2865	3277.34	22.8469	67.6352	131.503	339.273	94.6901	84.6171	32.1497	14.8785	18.8517	5.99876	16.6687	4.05438	32.6297	21.7036	13.2975	0.895836	16.1374	5.39613	6.67536	3.26453	0.0107149	0.574717	0.186136	53.7631	43.9857
0.0325	62.8054	53.2597	26.6763	60.5484	22.21	34.1737	37.1417	46.4124	47.4457	43.2847	22.6884	500.269613	3644.33	4452.69	9.21701	26.1088	42.3433	2855.66	65.905	123.458	0.281908	93.1685	49.3766	2789.78	25.4444	49.9811	3276.96	23.1589	67.6377	133.736	339.346	94.7284	84.5275	32.1497	14.8785	18.8517	5.99876	16.6687	4.05438	32.6297	21.7036	13.2975	0.895836	16.1374	5.39613	6.67536	3.26453	0.0107149	0.574717	0.186136	53.7631	43.9857
0.033	62.8044	53.2611	26.6766	60.5496	22.21	34.3349	37.1404	46.4137	47.4457	43.1097	19.6204	500.270084	3649.71	4444.03	9.26222	26.1016	42.1988	2854.95	66.1768	123.4	0.281683	93.13	49.1527	2789.41	25.106	49.4656	3276.49	22.9384	67.6605	137.123	339.552	94.7433	84.4411	32.1497	14.8785	18.8517	5.99876	16.6687	4.05438	32.6297	21.7036	13.2975	0.895836	16.1374	5.39613	6.67536	3.26453	0.0107149	0.574717	0.186136	53.7631	43.9857
0.0335	62.8053	53.2613	26.6774	60.5532	22.21	34.4927	37.1376	46.4105	47.4457	42.7715	19.8464	500.271234	3653.39	4423.41	9.13352	26.3789	42.3619	2854.24	66.5678	123.378	0.280326	93.0987	49.1949	2788.17	25.4583	49.88	3275.9	23.0478	67.6734	137.476	339.611	94.7538	84.3456	32.1497	14.8785	18.8517	5.99876	16.6687	4.05438	32.6297	21.7036	13.2975	0.895836	16.1374	5.39613	6.67536	3.26453	0.0107149	0.574717	0.186136	53.7631	43.9857
0.034	62.8057	53.2616	26.6779	60.5513	22.21	34.6483	37.1354	46.4074	47.4457	42.3191	20.9096	500.271358	3625.16	4455.41	9.35246	26.0997	42.4208	2854.46	65.6518	123.313	0.285917	93.0581	50.3702	2788.52	25.5605	50.8177	3275.67	23.0781	67.7185	138.031	339.583	94.8047	84.2262	32.1497	14.8785	18.8517	5.99876	16.6687	4.05438	32.6297	21.7036	13.2975	0.895836	16.1374	5.39613	6.67536	3.26453	0.0107149	0.574717	0.186136	53.7631	43.9857
0.0345	62.804	53.2606	26.6772	60.553	22.21	34.8077	37.1318	46.4051	47.4457	42.1594	21.6724	500.272889	3691.41	4471.61	9.30045	26.1144	42.5312	2853.55	66.1045	123.299	0.285639	93.0216	47.7482	2788.56	25.1849	49.825	3275.73	22.9039	67.7446	138.518	339.57	94.8472	84.1455	32.1497	14.8785	18.8517	5.99876	16.6687	4.05438	32.6297	21.7036	13.2975	0.895836	16.1374	5.39613	6.67536	3.26453	0.0107149	0.574717	0.186136	53.7631	43.9857
0.035	62.8051	53.2596	26.6771	60.5402	22.21	34.9624	37.1257	46.4013	47.4457	41.6528	22.7822	500.272207	3658.19	4479.54	9.19441	26.4637	42.4717	2853.49	65.453	123.232	0.287435	92.9571	49.102	2787.89	25.3791	49.9014	3275.03	22.8542	67.7628	141.487	339.615	94.9127	84.0454	32.1497	14.8785	18.8517	5.99876	16.6687	4.05438	32.6297	21.7036	13.2975	0.895836	16.1374	5.39613	6.67536	3.26453	0.0107149	0.574717	0.186136	53.7631	43.9857
0.0355	62.8023	53.2568	26.6762	60.5298	22.21	35.1151	37.124	46.3995	47.4457	41.5592	19.7189	500.272237	3650.27	4463.72	9.26083	26.0784	41.9582	2853.22	66.8259	123.199	0.286816	92.942	48.4076	2787.75	25.4031	49.9996	3274.98	22.7346	67.7812	143.687	339.999	94.9447	83.9388	32.1497	14.8785	18.8517	5.99876	16.6687	4.05438	32.6297	21.7036	13.2975	0.895836	16.1374	5.39613	6.67536	3.26453	0.0107149	0.574717	0.186136	53.7631	43.9857
0.036	62.801	53.2534	26.6754	60.5283	22.21	35.2697	37.123	46.4001	47.4457	41.0309	20.9264	500.271047	3669.97	4418.62	9.26193	26.2801	42.4294	2853.04	66.2034	123.17	0.289849	92.878	50.3443	2787.23	25.1694	48.5254	3274.8	22.6911	67.8097	142.385	339.546	94.9796	83.8699	32.1497	14.8785	18.8517	5.99876	16.6687	4.05438	32.6297	21.7036	13.2975	0.895836	16.1374	5.39613	6.67536	3.26453	0.0107149	0.574717	0.186136	53.7631	43.9857
0.0365	62.801	53.2523	26.6752	60.5252	22.21	35.4223	37.1189	46.4023	47.4457	40.7798	18.7923	500.270848	3642.36	4403.69	9.2703	26.2811	42.5318	2852.91	65.6674	123.136	0.290208	92.8566	49.7943	2786.5	25.177	49.8376	3274.08	23.0366	67.8056	142.847	339.72	95.0545	83.7287	32.1497	14.8785	18.8517	5.99876	16.6687	4.05438	32.6297	21.7036	13.2975	0.895836	16.1374	5.39613	6.67536	3.26453	0.0107149	0.574717	0.186136	53.7631	43.9857
0.037	62.8004	53.254	26.6754	60.5233	22.21	35.5749	37.1207	46.4061	47.4457	40.5525	22.9516	500.270199	3604.16	4466.4	9.19327	26.6848	42.4246	2852.07	66.1512	123.081	0.290399	92.8037	49.3432	2786.88	25.3242	50.7482	3273.49	22.9285	67.8178	142.808	340.125	95.0902	83.6535	32.1497	14.8785	18.8517	5.99876	16.6687	4.05438	32.6297	21.7036	13.2975	0.895836	16.1374	5.39613	6.67536	3.26453	0.0107149	0.574717	0.186136	53.7631	43.9857
0.0375	62.8018	53.2574	26.6759	60.5239	22.21	35.7272	37.1217	46.4059	47.4457	40.2919	20.8906	500.2706	3622.7	4411.21	9.24843	26.3848	42.2042	2852.09	65.6898	123.061	0.294129	92.7748	49.7795	2785.65	25.3499	48.0224	3272.89	23.1862	67.8527	146.849	340.008	95.169	83.5767	32.1497	14.8785	18.8517	5.99876	16.6687	4.05438	32.6297	21.7036	13.2975	0.895836	16.1374	5.39613	6.67536	3.26453	0.0107149	0.574717	0.186136	53.7631	43.9857
0.038	62.8053	53.2576	26.6768	60.5329	22.21	35.8764	37.12	46.4038	47.4457	39.8563	18.9759	500.269895	3661.01	4426.5	9.13856	26.2657	42.2201	2851.72	66.6695	123.013	0.29525	92.7301	49.5949	2785.78	25.3912	49.8784	3272.95	22.7827	67.8883	147.424	340.353	95.2233	83.4826	32.1497	14.8785	18.8517	5.99876	16.6687	4.05438	32.6297	21.7036	13.2975	0.895836	16.1374	5.39613	6.67536	3.26453	0.0107149	0.574717	0.186136	53.7631	43.9857
0.0385	62.8058	53.2583	26.6766	60.5269	22.21	36.0253	37.1183	46.3998	47.4457	39.7023	20.4243	500.272472	3676.79	4435.53	9.17676	26.3016	42.7593	2851.78	65.5786	122.978	0.295597	92.6789	48.4843	2785.84	25.2975	48.4876	3272.9	22.6986	67.91	147.282	339.987	95.3001	83.3868	32.1497	14.8785	18.8517	5.99876	16.6687	4.05438	32.6297	21.7036	13.2975	0.895836	16.1374	5.39613	6.67536	3.26453	0.0107149	0.574717	0.186136	53.7631	43.9857
0.039	62.8051	53.2589	26.677	60.5345	22.21	36.1695	37.1131	46.3987	47.4457	39.3206	18.7804	500.269456	3667.29	4459.59	9.21053	25.8583	42.0515	2850.82	66.2564	122.945	0.300767	92.6354	48.8457	2785.02	25.32	50.4746	3272.15	22.8746	67.9349	146.243	340.276	95.3777	83.3312	32.1497	14.8785	18.8517	5.99876	16.6687	4.05438	32.6297	21.7036	13.2975	0.895836	16.1374	5.39613	6.67536	3.26453	0.0107149	0.574717	0.186136	53.7631	43.9857
0.0395	62.8022	53.257	26.6758	60.5311	22.21	36.3171	37.1136	46.4016	47.4457	39.0394	21.73	500.271725	3606.49	4430.97	9.0985	25.9923	42.464	2851.29	66.6443	122.921	0.298832	92.6032	47.28	2785.04	25.2968	47.4169	3271.72	23.1891	67.9574	148.672	340.43	95.4361	83.2181	32.1497	14.8785	18.8517	5.99876	16.6687	4.05438	32.6297	21.7036	13.2975	0.895836	16.1374	5.39613	6.67536	3.26453	0.0107149	0.574717	0.186136	53.7631	43.9857
0.04	62.8022	53.2571	26.6767	60.536	22.21	36.4628	37.1144	46.4034	47.4457	38.7826	18.0747	500.273292	3669.99	4445.85	9.23361	26.1502	42.2068	2850.66	66.5349	122.91	0.300343	92.5505	49.0916	2784.6	25.4687	50.3453	3271.61	22.8252	67.9737	149.108	339.995	95.5174	83.168	32.1497	14.8785	18.8517	5.99876	16.6687	4.05438	32.6297	21.7036	13.2975	0.895836	16.1374	5.39613	6.67536	3.26453	0.0107149	0.574717	0.186136	53.7631	43.9857
0.0405	62.8056	53.2593	26.6771	60.5534	22.21	36.6082	37.1123	46.3994	47.4457	38.5908	20.1303	500.273526	3614.11	4467.49	9.16964	26.2696	42.1575	2850	65.8226	122.871	0.303419	92.515	49.7877	2783.43	25.1626	50.2438	3270.99	22.9719	67.9772	150.083	340.162	95.5868	83.0665	32.1497	14.8785	18.8517	5.99876	16.6687	4.05438	32.6297	21.7036	13.2975	0.895836	16.1374	5.39613	6.67536	3.26453	0.0107149	0.574717	0.186136	53.7631	43.9857
0.041	62.8047	53.2592	26.6765	60.553	22.21	36.748	37.1054	46.3978	47.4457	38.5009	21.1786	500.27173	3648.86	4403.1	9.14559	26.2779	42.1864	2850.2	65.7532	122.862	0.303136	92.4689	47.5789	2783.66	25.2301	49.5493	3271.03	22.8571	68.0034	151.202	340.258	95.6392	83.0047	32.1497	14.8785	18.8517	5.99876	16.6687	4.05438	32.6297	21.7036	13.2975	0.895836	16.1374	5.39613	6.67536	3.26453	0.0107149	0.574717	0.186136	53.7631	43.9857
0.0415	62.8049	53.2555	26.6751	60.5504	22.21	36.8916	37.1042	46.3968	47.4457	38.1847	20.7035	500.27255	3636.77	4444.77	9.2096	26.1944	42.7315	2849.76	65.174	122.826	0.304245	92.4039	48.8786	2783.36	25.3606	49.6519	3270.58	23.0278	68.0245	154.315	340.256	95.7534	82.9297	32.1497	14.8785	18.8517	5.99876	16.6687	4.05438	32.6297	21.7036	13.2975	0.895836	16.1374	5.39613	6.67536	3.26453	0.0107149	0.574717	0.186136	53.7631	43.9857
0.042	62.8054	53.2584	26.6752	60.5601	22.21	37.0322	37.1027	46.3965	47.4457	38.1122	18.2501	500.273379	3606.1	4420.56	9.19561	26.4281	41.9633	2848.8	66.2842	122.808	0.301677	92.3864	49.8037	2783.25	25.3966	49.395	3269.89	22.9899	68.0551	153.744	340.465	95.7976	82.8496	32.1497	14.8785	18.8517	5.99876	16.6687	4.05438	32.6297	21.7036	13.2975	0.895836	16.1374	5.39613	6.67536	3.26453	0.0107149	0.574717	0.186136	53.7631	43.9857
0.0425	62.8057	53.2576	26.6746	60.5595	22.21	37.1717	37.1017	46.3952	47.4457	37.8276	17.7775	500.272158	3633.78	4399.69	9.19814	25.8786	42.1902	2850.11	66.3841	122.792	0.305131	92.3219	46.6739	2782.73	25.2666	48.5748	3269.86	22.9914	68.0666	152.957	340.436	95.8763	82.7473	32.1497	14.8785	18.8517	5.99876	16.6687	4.05438	32.6297	21.7036	13.2975	0.895836	16.1374	5.39613	6.67536	3.26453	0.0107149	0.574717	0.186136	53.7631	43.9857
0.043	62.8082	53.2592	26.6741	60.5637	22.21	37.3115	37.0957	46.3926	47.4457	37.6728	15.8588	500.269166	3638.38	4439.13	9.2461	26.4363	42.4031	2849.15	65.1259	122.777	0.309361	92.281	48.5121	2782.96	25.4247	49.441	3269.53	22.9297	68.0926	154.792	340.662	95.9518	82.7041	32.1497	14.8785	18.8517	5.99876	16.6687	4.05438	32.6297	21.7036	13.2975	0.895836	16.1374	5.39613	6.67536	3.26453	0.0107149	0.574717	0.186136	53.7631	43.9857
0.0435	62.8082	53.2605	26.6735	60.5627	22.21	37.4494	37.0935	46.3905	47.4457	37.5452	19.1666	500.271228	3677.14	4440.94	9.2291	26.283	42.3707	2848.84	65.2633	122.753	0.30692	92.2134	48.5446	2781.95	25.4115	50.1961	3268.87	22.7541	68.1135	156.285	340.476	96.0227	82.6564	32.1497	14.8785	18.8517	5.99876	16.6687	4.05438	32.6297	21.7036	13.2975	0.895836	16.1374	5.39613	6.67536	3.26453	0.0107149	0.574717	0.186136	53.7631	43.9857
0.044	62.8083	53.2599	26.6739	60.5586	22.21	37.5833	37.0904	46.389	47.4457	37.4187	19.3362	500.271911	3630.91	4449.1	9.27155	26.5904	42.534	2848.36	66.9015	122.751	0.311097	92.1637	50.7005	2781.88	25.4205	49.4959	3268.98	23.099	68.132	153.84	341.151	96.0958	82.6091	32.1497	14.8785	18.8517	5.99876	16.6687	4.05438	32.6297	21.7036	13.2975	0.895836	16.1374	5.39613	6.67536	3.26453	0.0107149	0.574717	0.186136	53.7631	43.9857
0.0445	62.8065	53.2593	26.6736	60.556	22.21	37.7229	37.0842	46.39	47.4457	37.2227	15.0428	500.272532	3645.23	4462.53	9.20811	26.4215	42.2219	2848.34	65.2473	122.727	0.310873	92.1159	48.1121	2781.78	25.1068	46.9494	3268.01	23.0411	68.1476	157.611	340.601	96.2027	82.5603	32.1497	14.8785	18.8517	5.99876	16.6687	4.05438	32.6297	21.7036	13.2975	0.895836	16.1374	5.39613	6.67536	3.26453	0.0107149	0.574717	0.186136	53.7631	43.9857
0.045	62.8074	53.2587	26.6734	60.5512	22.21	37.8596	37.082	46.3885	47.4457	37.2042	15.2875	500.269542	3653.27	4424.17	9.25879	26.0285	42.0659	2847.49	67.3589	122.705	0.312605	92.0585	47.6149	2780.97	25.2751	48.6184	3267.64	22.9166	68.1919	156.42	340.68	96.2644	82.5203	32.1497	14.8785	18.8517	5.99876	16.6687	4.05438	32.6297	21.7036	13.2975	0.895836	16.1374	5.39613	6.67536	3.26453	0.0107149	0.574717	0.186136	53.7631	43.9857
0.0455	62.8085	53.2588	26.6734	60.5572	22.21	37.9931	37.0801	46.3848	47.4457	37.0049	20.355	500.271941	3654.93	4473.9	9.20357	26.3549	42.2153	2847.77	65.8964	122.695	0.311912	92.0192	47.2475	2780.67	25.3202	51.5181	3268.38	22.7681	68.1638	158.587	340.683	96.3373	82.4641	32.1497	14.8785	18.8517	5.99876	16.6687	4.05438	32.6297	21.7036	13.2975	0.895836	16.1374	5.39613	6.67536	3.26453	0.0107149	0.574717	0.186136	53.7631	43.9857
0.046	62.8072	53.2582	26.6734	60.5486	22.21	38.1253	37.0794	46.3831	47.4457	36.8235	14.8343	500.269473	3671.71	4431.62	9.35804	25.9357	42.0219	2847.4	66.3712	122.695	0.314961	91.9709	47.7515	2780.65	25.036	50.1169	3267.08	23.0927	68.2137	161.451	340.847	96.4258	82.4531	32.1497	14.8785	18.8517	5.99876	16.6687	4.05438	32.6297	21.7036	13.2975	0.895836	16.1374	5.39613	6.67536	3.26453	0.0107149	0.574717	0.186136	53.7631	43.9857
0.0465	62.8062	53.2553	26.6728	60.5472	22.21	38.2589	37.0762	46.3837	47.4457	36.7352	21.454	500.271625	3629.75	4468.14	9.24706	26.1957	42.0353	2847.26	65.8963	122.699	0.317223	91.9256	48.0718	2780.15	25.0544	49.836	3267.53	23.061	68.2195	161.15	341.248	96.5006	82.3981	32.1497	14.8785	18.8517	5.99876	16.6687	4.05438	32.6297	21.7036	13.2975	0.895836	16.1374	5.39613	6.67536	3.26453	0.0107149	0.574717	0.186136	53.7631	43.9857
0.047	62.8052	53.2559	26.6733	60.5346	22.21	38.3902	37.0774	46.3819	47.4457	36.7313	16.5879	500.273426	3656.86	4456.22	9.23145	26.3496	42.4275	2846.89	65.9363	122.691	0.319623	91.8697	48.8564	2779.93	25.2816	48.5501	3266.25	22.9876	68.251	160.09	340.702	96.5616	82.3744	32.1497	14.8785	18.8517	5.99876	16.6687	4.05438	32.6297	21.7036	13.2975	0.895836	16.1374	5.39613	6.67536	3.26453	0.0107149	0.574717	0.186136	53.7631	43.9857
0.0475	62.807	53.2555	26.6736	60.5368	22.21	38.5195	37.0745	46.3784	47.4457	36.7593	17.9366	500.268053	3641.53	4443.71	9.18154	26.5042	41.8385	2846.4	66.5573	122.676	0.317465	91.8095	46.9562	2779.69	25.214	49.0867	3266.7	22.7785	68.2648	160.626	341.268	96.6325	82.314	32.1497	14.8785	18.8517	5.99876	16.6687	4.05438	32.6297	21.7036	13.2975	0.895836	16.1374	5.39613	6.67536	3.26453	0.0107149	0.574717	0.186136	53.7631	43.9857
0.048	62.8056	53.2532	26.6724	60.5311	22.21	38.6475	37.0699	46.3758	47.4457	36.6822	16.1997	500.270224	3637.92	4444.32	9.25369	26.3552	42.1007	2846.66	66.6772	122.683	0.318302	91.7653	48.9256	2779.7	24.8706	49.7266	3266.58	22.9096	68.2999	161.032	340.943	96.7057	82.28	32.1497	14.8785	18.8517	5.99876	16.6687	4.05438	32.6297	21.7036	13.2975	0.895836	16.1374	5.39613	6.67536	3.26453	0.0107149	0.574717	0.186136	53.7631	43.9857
0.0485	62.8051	53.2519	26.673	60.5311	22.21	38.7765	37.0674	46.3763	47.4457	36.5597	16.0931	500.271195	3658.79	4448.74	9.2636	26.0908	42.4644	2846.39	66.3151	122.673	0.318988	91.7375	47.5218	2778.86	25.4846	48.7036	3266.01	22.7593	68.3121	162.978	341.167	96.7789	82.237	32.1497	14.8785	18.8517	5.99876	16.6687	4.05438	32.6297	21.7036	13.2975	0.895836	16.1374	5.39613	6.67536	3.26453	0.0107149	0.574717	0.186136	53.7631	43.9857
0.049	62.8053	53.2512	26.673	60.5263	22.21	38.9059	37.0721	46.3767	47.4457	36.6086	17.9148	500.27178	3666.58	4457.65	9.16262	26.0888	42.4323	2845.67	66.3419	122.677	0.325225	91.6908	47.2053	2778.78	24.8154	48.7049	3265.37	23.0811	68.3193	164.057	341.318	96.8498	82.1972	32.1497	14.8785	18.8517	5.99876	16.6687	4.05438	32.6297	21.7036	13.2975	0.895836	16.1374	5.39613	6.67536	3.26453	0.0107149	0.574717	0.186136	53.7631	43.9857
0.0495	62.8056	53.2518	26.6734	60.5264	22.21	39.0327	37.0652	46.3779	47.4457	36.5204	18.1988	500.272124	3636.42	4470.72	9.31189	26.4181	42.0749	2845.76	66.2299	122.67	0.321808	91.6294	47.6396	2778.5	25.3364	49.3705	3265.04	22.9548	68.3463	164.106	341.419	96.8815	82.1709	32.1497	14.8785	18.8517	5.99876	16.6687	4.05438	32.6297	21.7036	13.2975	0.895836	16.1374	5.39613	6.67536	3.26453	0.0107149	0.574717	0.186136	53.7631	43.9857
0.05	62.8048	53.2508	26.6732	60.5322	22.21	39.1599	37.071	46.3766	47.4457	36.5438	16.8615	500.272322	3637.04	4475.58	9.25803	26.1381	42.3452	2845.36	66.3033	122.678	0.324468	91.5721	48.1916	2778.54	25.1661	50.7937	3264.48	22.9498	68.3402	163.485	341.228	96.9747	82.1527	32.1497	14.8785	18.8517	5.99876	16.6687	4.05438	32.6297	21.7036	13.2975	0.895836	16.1374	5.39613	6.67536	3.26453	0.0107149	0.574717	0.186136	53.7631	43.9857
